TS1	TS2	TS3	TS4	TS5
-2.661500525	0.894445839	0.138070199	-3.30073113	-6.82260
-2.479065727	0.300261148	-0.247078102	-3.32211152	-6.11823
-2.35772709	-0.565245529	-0.750628173	-3.03761895	-5.23945
-2.365529882	0.531586445	0.303639997	-3.3465832	-4.76952
-0.945907903	-1.378584101	0.169598402	-3.7337748	-4.23180
-0.069661155	-3.167787761	1.398200457	-2.16289193	-3.74056
0.434175243	0.986252573	2.328495883	-0.60774575	-3.15549
-0.643399953	0.802146279	1.600300732	-0.59616648	-2.83659
-0.911070868	-1.379353686	1.890996133	-1.02754443	-2.21338
-1.898196628	-0.234735385	-1.143928206	-1.20132652	-2.48387
1.098297902	1.485946453	1.343630646	-1.42479318	-4.33841
0.262076588	0.640219643	-0.294917557	-1.12344873	-6.35819
-0.39301282	-0.139408659	-0.884737165	1.09294402	-6.73924
0.190122207	1.240638498	-0.373760267	1.47741754	-6.57569
1.102534722	-0.178417144	0.091615171	0.17260448	-6.58437
-0.363271852	-0.674828983	0.644387194	-0.45084735	-9.77687
0.193791639	2.424860059	0.345325142	0.58998875	-10.02865
0.03249088	3.859677708	-0.351705159	0.58641009	-9.69479
0.142196428	-1.197614508	1.953807149	-2.79219	-8.79227
-0.138805753	-4.202409989	-0.678090724	-3.59804197	-10.14447
-1.643515416	-0.349107454	-0.20595723	-2.60347628	-9.18049
-1.745882625	4.005485669	-0.607193502	-2.20079631	-9.39170
-1.637524269	-0.827780126	0.594184985	-1.67153967	-8.22573
-0.724252196	-3.268048581	0.460137921	-3.25510203	-7.30474
-2.759301164	-0.57676315	0.071304631	-4.80748465	-5.44111
-2.40776388	0.661311301	-0.347319142	-4.59963732	-4.26782
-1.973821873	1.00022721	-0.875163463	-3.50483123	-3.56773
-2.028827694	-0.117273951	1.145002067	-3.20237619	-3.49407
-1.31217344	-0.393070688	0.531413542	-4.05869094	-2.11318
-2.050418102	-0.574620534	-1.839238689	-4.99869491	0.42358
-2.149503437	0.552186689	1.9427727	-5.46913081	1.18229
-0.600878006	3.313080802	0.435374097	-3.95660858	2.69597
-1.791012772	0.71316805	-0.060966689	-1.88896663	2.93346
-1.223154676	-1.714249538	-1.206840338	-1.69015229	3.98114
-0.750703183	0.053852047	0.307310426	-2.62897556	4.16497
-0.665588738	0.877729407	-0.211967954	-2.97918635	3.22152
-1.510718064	-0.168965307	-0.314338525	-1.89080438	1.65643
-2.500430624	-1.678105738	0.424700927	-2.18891277	1.19265
-2.000114518	-1.887675658	1.863744016	-4.04594726	1.25905
-1.890848537	-0.362675069	0.329080645	-4.39675726	1.85772
-0.788134658	-1.478298796	0.57618471	-3.91771406	2.05468
-1.635580813	-0.006809439	-0.45018937	-1.41084374	1.42144
-2.124651365	1.798878813	-0.660782585	-1.92909513	0.29972
-2.648985436	2.105561456	0.273985505	-3.26038793	-0.52125
-1.976968622	-0.583513432	-1.480498155	-1.08181308	-0.88970
-2.090618818	-1.335017778	-0.911379768	-2.98107835	0.03802
0.112475529	1.034824964	0.066552524	-3.56464631	1.76972
0.303924841	-0.314666358	-1.755538785	-0.40098907	2.24818
-0.74950624	-0.699501433	-1.267935516	-0.07341973	2.06256
-0.010534004	0.410726372	1.04605074	0.43461342	1.20871
-0.276223107	-0.877320058	-0.962859252	1.25907615	1.31742
0.266052127	-2.264824419	1.074002781	1.65932176	1.94359
-1.347264166	0.016358373	-1.541369114	3.71558007	3.77404
0.08277666	0.490346517	0.686927237	2.58471994	4.34852
-0.155367037	0.467806745	0.539857989	1.65658989	4.34666
0.271431438	0.530998899	-0.93948317	0.70895828	3.99306
0.486570611	-0.638225551	-0.350834477	-0.16279553	4.44922
-0.018412044	1.307911168	0.36631482	2.07573021	4.46199
1.43955607	-1.570733795	2.507010582	1.6622616	5.55827
-0.233737617	-1.244250868	1.51242285	-0.29108664	5.01212
1.520262606	2.124942302	-0.605055696	-0.69101042	4.96489
0.627689869	-0.248595267	-0.154815637	-1.07302907	4.88140
0.047878519	0.769745234	1.894672037	-0.56627139	5.02813
0.10706641	-1.615699592	-0.563635693	0.96148863	4.99925
-0.397315807	-1.819853339	0.453948512	2.01148227	5.01762
1.704892215	1.083791836	-0.074211609	-0.13512102	5.51447
0.465487944	-1.719012853	-0.167000491	-2.86962005	6.06903
2.042380615	-2.269586565	0.353459579	-4.38698198	6.51390
1.480709506	1.021133549	-1.361104452	-5.86108427	7.55955
0.772914577	0.213532698	-0.437901823	-5.01808232	6.86064
-0.055586708	0.532329058	-0.021582845	-3.23930431	6.06809
-1.639885501	1.201213919	0.408717685	-3.38342659	4.02615
-1.033487409	-0.473275473	1.349051947	-5.22902607	2.33404
-0.255907854	-0.352551379	1.099432636	-5.14847355	1.35419
0.251235998	-0.160209425	0.978408425	-5.05986846	0.24152
0.1653841	-1.070216045	-1.378834058	-6.8017061	-1.37573
1.057637261	1.214344932	1.226399093	-6.05722425	-2.78242
-0.454291821	2.008887463	0.411264097	-4.38104724	-3.73199
0.849785142	1.516474146	1.336290587	-3.32862085	-3.11239
1.322182839	0.193810524	0.313262675	-3.45178509	-2.63767
1.919633263	0.030087018	0.639287694	-3.33129726	-3.01893
1.118617743	-0.219492534	-1.523412297	-2.70386877	-0.38556
2.491229413	0.593628724	0.298347794	-2.59499273	-0.71692
1.90877169	1.975683278	-0.015204346	-1.85517726	1.81239
2.779572092	1.840044069	1.866277851	-1.11780614	2.59813
1.878437806	0.826088178	-0.787005269	-0.98634149	5.08302
3.020568397	1.154386669	-0.152734166	0.81633664	5.87488
3.011523199	0.137355135	-0.724322567	2.8122666	5.47531
1.601190921	0.555930354	-0.378554138	3.25522128	6.49957
-0.848232836	2.363097778	0.242443868	4.00862915	7.07870
0.339063788	-1.102614242	0.141200887	4.90903523	7.08073
0.003376546	-0.52630515	0.399914513	3.78534823	7.30311
-0.553538751	0.571476439	-1.096219709	2.91837719	7.18722
0.138443126	-0.014033547	1.386908518	2.16590714	5.24346
-0.302050431	-0.674346524	-0.57223936	1.20005973	5.03392
0.264648261	-0.598974583	-1.502781387	1.75432643	4.45436
-0.014806926	0.777927166	1.410464079	3.3736453	4.56990
-1.112183435	2.453335859	0.439596192	1.65041731	5.19494
-1.211023347	1.380494196	-0.910362325	-1.11594723	4.81154
-0.722633293	0.670531832	-1.113707937	0.43161985	6.07891
-0.710366587	-2.024524055	0.068162483	1.75331476	5.16731
-1.514835476	-1.933588934	-0.136231771	3.04491681	4.69110
0.247665152	3.628160605	-0.18441262	3.54545187	4.75111
-0.058678166	1.007682711	0.257887023	2.9601002	3.91940
-0.98037494	-2.253811202	-0.749179289	3.82473195	2.62527
-0.762051166	0.250754548	-0.94954806	4.39658036	1.12841
1.679397251	1.950368412	0.214803946	4.112345	1.40352
-0.363342505	-1.027817223	-0.247624021	2.18389336	-0.32386
0.825776004	-0.768785717	0.8286624	-0.20598931	-0.48658
-1.688402731	0.204777224	1.506219069	-0.19652592	-0.77189
0.068224743	0.757413034	0.759027812	0.23248015	0.29167
-0.743433467	-0.614548977	-1.344481668	0.44332261	-1.24921
1.005462291	-2.209029474	1.29406714	0.64177099	-2.73113
1.501440397	0.61638367	-0.517507237	-0.12318852	-4.13461
-0.288911281	0.698346197	0.638961415	-0.44165358	-5.54837
-0.908833365	1.804621107	0.956072485	0.50913083	-6.28714
-0.478305963	0.359765536	-0.108571971	1.51097856	-6.21044
0.068832971	0.529453673	-1.650720274	1.19842986	-6.19846
-0.711744914	0.360897477	-1.167419962	0.71900377	-5.94785
0.842407953	0.332383555	0.635412738	0.69651717	-5.88726
-0.217372155	1.104660134	-0.48286799	1.68259033	-4.36993
-1.386719482	-0.244161609	1.078350491	3.0395669	-4.35513
-0.380216467	0.642768178	-1.137384489	2.4577471	-3.25708
-1.102470918	1.47554411	0.789896787	2.10300191	-1.96410
0.220655681	-0.384074302	-0.290697714	1.92264662	-2.29593
-0.71608842	-0.030600312	-0.786598478	2.10357777	-0.94133
-1.371455937	0.233685184	-0.15876323	3.05726281	-0.54292
1.840049854	-1.597545927	1.478179608	3.39067922	-1.09104
0.700929619	-2.002476978	-0.359338855	3.55256528	-0.48356
-1.242566446	0.920178113	1.429422333	3.85541736	-1.59403
-0.285461103	0.813451564	0.978318995	3.95954332	-1.47661
-1.256768116	-0.932788069	-1.484931929	2.75424455	-2.02679
-1.473690472	-1.231132337	-0.703378716	1.1344409	-1.24242
0.315997542	0.424009075	-0.219469293	-0.6063047	-0.29121
-0.633181033	1.403430593	0.856058737	-2.6204423	0.45440
0.401242154	-1.531484337	-0.09950235	-2.18110908	0.07510
-1.566572151	-1.716640575	-1.658453907	-1.20031163	0.19415
-2.468036666	-0.234779134	-0.102791129	-0.6149117	0.61294
-2.394164751	-0.414850404	0.180622534	-1.30474343	0.40575
-4.597496517	-2.560387725	1.109215712	-2.33891708	0.11250
-1.77612595	-2.109634573	-0.015834402	-2.05631228	-0.53356
-1.909450612	0.03257104	0.195061322	-1.89193809	0.32787
-1.049895057	0.564537786	1.559261065	-3.93125323	1.99342
-0.948025069	2.246166784	-0.652887187	-8.70015048	0.05736
0.642756158	0.207118737	0.410526903	-12.19278872	-0.80407
0.347283729	-1.051812095	-0.710330137	-12.47150484	-1.22270
-0.266926128	0.160619453	2.297953299	-10.21736845	-1.31097
-0.534637156	0.887703872	0.23322601	-8.07210016	-1.17364
-0.475132592	1.555385143	-1.928635659	-7.25054447	-3.10964
-0.566029152	-0.765264093	-1.112739333	-6.82033984	-4.54039
0.766450756	-0.296065377	-0.473136012	-7.41893734	-5.76155
-0.64452849	1.10111105	-0.779957119	-8.30964518	-6.82727
-1.890867874	-0.083846344	-0.944942425	-8.36046099	-6.27867
-1.381037178	-1.191568655	0.543706864	-6.95902387	-6.14181
-0.594324226	2.274420305	-0.092725053	-5.23570802	-4.87620
-1.654406681	2.856569639	0.503833305	-5.08334744	-5.31820
0.587786277	1.58958461	-1.324536464	-4.53794076	-4.24660
0.734001409	0.668121552	-0.155786099	-5.36829887	-4.11696
-0.632184833	-1.899059669	0.862498982	-6.14854244	-3.36019
0.678210625	-1.35527966	-0.443937264	-6.08507329	-2.32577
0.160130225	-0.381386171	0.878857461	-6.21951467	-1.20789
-0.372908568	-1.284174537	0.385660848	-5.28483358	-0.54659
2.691766292	1.080368087	1.237577291	-3.71931488	-0.03157
2.109219716	1.678344032	-0.0673945	-3.9547253	0.79127
3.091678023	0.748207564	0.524365328	-4.69392429	2.23194
3.323997162	0.93677954	-0.669085766	-4.48930064	2.17913
2.607841966	-0.171581449	-0.949028792	-6.19080791	0.76687
4.152839567	-0.219465711	1.357297501	-6.80936051	-2.04986
4.752767735	-0.118849257	1.739507482	-5.94705922	-1.81080
2.818377593	-0.693450623	-1.176148361	-4.66352777	-0.72123
4.15182118	-1.148250955	1.099231861	-2.12537584	1.21050
3.162846417	-0.403111715	1.015472268	-1.29891474	3.35034
2.641537816	-0.580868447	-0.793004552	-0.80666414	3.66788
2.182293874	-0.612403978	-0.451484193	-0.51846741	5.26076
2.062102997	0.860672668	-0.612492802	-1.0963454	6.88374
4.174932953	2.246335443	-0.498149277	-1.46487593	7.37407
1.496214601	0.427636039	-0.477382852	-1.69195997	4.73540
3.727294223	-1.600545678	-0.387750204	0.43013157	2.10106
2.076060609	-0.913227561	-0.210654565	1.41491505	2.08613
3.312619884	1.936362492	0.582391956	3.51087763	1.38805
4.499839576	-0.37722296	0.45730982	5.64987714	2.45908
3.790294033	-5.566073054	-0.98875612	4.22371206	3.06476
3.22079436	-2.071258676	-0.316656258	2.53933571	4.03934
4.84806121	0.07849183	1.713413222	2.48222201	3.36724
2.408926584	-0.238260575	1.415586943	1.88131373	4.02431
3.882016333	0.941272046	0.240472104	1.80116811	4.05784
0.645990263	0.720107425	0.498196279	3.72771043	3.52073
2.068469768	-1.123143967	0.601866756	5.53295979	3.14850
3.059311313	-1.733407469	1.684403461	5.04653086	4.22603
4.007993692	2.586951375	-1.209667755	5.26515149	5.06052
3.430818312	0.795917509	1.282723341	5.18745175	5.05538
3.521797672	-1.546030008	1.025178378	3.83255795	4.79615
4.408581081	0.995625001	0.657755292	3.51065292	3.91731
4.801014799	1.8289619	-1.16093936	3.07254088	3.22297
4.839981579	-1.772680971	0.6565198	3.81807133	2.69974
3.16443385	1.379241856	1.46009963	3.45474484	2.46458
3.686547588	2.712213546	-0.253797486	0.66127704	0.92906
2.726223348	0.169110987	-0.873172755	-0.39569903	1.16088
4.200251358	-4.375756547	0.044924554	-0.15824047	0.62527
4.633018208	-1.841054323	-0.539212463	-1.08255572	0.87899
3.599338861	1.016185994	-2.363110311	-2.7225024	1.00797
3.456437851	-0.753888782	0.681977912	-3.89195685	0.87541
3.48687354	-0.868053038	1.233471646	-3.45983582	-0.46469
3.261271515	-0.186139432	1.853598865	-2.77079585	-0.03329
1.723746599	1.339962067	-0.999512749	-4.0837688	0.35184
3.213606498	0.858110166	-0.351596663	-5.38138	1.03831
2.099723426	-0.870385632	-0.65107417	-5.42321861	0.89098
0.692176073	-2.528125913	-0.732188962	-5.09339621	-0.17639
1.118517983	-0.903814104	-0.066307328	-5.01706158	-1.15272
2.374473775	-0.066841761	0.893242219	-3.32596197	-3.17982
1.067842028	-2.485363024	-0.1501264	-3.35810453	-2.80605
1.849083135	-2.183836316	0.37891783	-4.04486361	-1.58756
-0.294897221	-1.111184679	0.354093102	-3.2062565	-0.88082
-0.404311815	-0.29273444	0.161671079	-2.74187074	-1.65796
-2.18953758	-1.218419304	1.464240464	-3.71900886	-0.86426
-2.440555783	0.468746932	0.561467672	-5.86607962	-1.03197
-3.613272964	0.028729048	-0.482766371	-6.95272178	0.09480
-2.233703101	0.45387714	-0.634785619	-6.82565014	1.92459
-3.130950653	0.374421206	0.030292904	-5.59228858	1.99242
-2.282691397	-1.871951442	0.66989079	-6.01490514	1.42180
-3.091345888	0.480150961	-0.82390774	-6.21432697	1.25893
-0.698752693	2.307707508	0.162269834	-4.72382303	1.35179
0.38722556	2.619426686	1.266173059	-2.51506537	0.64419
-0.125905767	0.468180285	-0.053919837	-0.78101447	1.84031
-0.201309769	0.696980818	-1.428449983	-0.56463399	3.61122
1.439419133	-0.533945039	-0.572162217	-0.92136249	4.45107
2.245959243	-0.260295348	-0.384992183	-2.23512112	3.12415
1.922784376	-0.994500053	0.024019984	-2.59711787	4.73804
1.499206449	-0.406656965	0.689873636	-0.72299442	5.14643
-1.102128508	0.168511536	0.142615408	1.11594723	5.18659
0.923646995	1.310897641	0.732834946	2.72140217	6.11020
-1.14980221	0.815834657	0.097637363	0.95215983	6.94731
-1.219639303	-1.06153841	0.171370552	-0.68657205	7.84699
-0.997884528	1.542595551	0.2723104	0.96007101	7.24432
-2.321870165	0.159536207	-1.818739556	1.40453623	7.65893
-2.075403091	-2.921078427	0.771358312	0.46506415	7.57607
-2.50453763	-0.634441147	0.467055454	1.43049783	6.45886
-2.013788222	0.23540866	0.312964911	2.88893553	5.78550
-2.280751306	-1.661693151	-0.779042943	1.71515466	4.98666
-1.297537757	-0.684279033	0.734914741	0.50229648	3.96003
-0.136919129	0.176556119	-0.44900791	0.73267103	5.33845
0.017008299	-0.049220078	-0.93820646	2.17645298	4.65255
1.179056017	0.08228915	-0.555383621	2.39004865	4.56563
0.904826908	1.157464787	0.98105812	0.60623612	3.90717
1.273914332	-1.156465207	0.131044875	0.83073531	1.96398
1.508525081	-0.624969407	0.15356655	2.18545665	0.55642
0.937998325	-0.138850107	0.174923586	1.10974823	1.16200
-0.600589193	-0.107240712	1.28433981	2.15132303	0.22588
0.857022369	-0.189601389	-0.604265504	3.83072082	-0.62630
0.18368545	-2.839862205	-1.021997857	3.34995748	-2.38476
-0.411157334	-0.327022849	-0.372532688	1.81699046	-3.08353
1.166195792	0.951479656	0.082984806	-0.44565659	-1.68337
2.202792656	0.451341248	0.161637881	0.1859299	0.80177
1.84135656	-2.389378968	-0.523479808	1.69206446	1.64640
0.06549143	-3.012728408	-0.021654957	-0.189381	0.31387
1.086354722	-0.049934551	0.418530916	-2.14359657	0.75351
0.337246055	1.118279013	-0.180027438	-2.84852566	1.46259
0.641800739	0.142832207	-0.620185457	-5.70406074	3.24669
-0.437955589	-1.245958672	0.95002585	-6.40173963	4.55268
1.222066405	-1.738508391	-0.137469347	-4.895618	3.67350
0.649850149	1.411602941	-1.727749868	-6.21566187	3.40658
0.037671404	-0.248273177	-1.053850083	-7.56213226	3.05957
-1.572215273	-1.84783825	0.051823019	-7.74752328	2.44226
-0.68066471	-0.26719847	-0.174883739	-8.49943116	2.64644
-0.107929808	-1.105970844	-0.641316187	-6.01359945	3.69821
0.487756213	-0.378490947	0.177920291	-4.46610943	5.08200
-0.565140015	0.97794567	-0.64416504	-7.48459272	5.93022
0.289328272	0.745488676	0.610743152	-9.65060089	5.40743
0.407089864	-0.766445039	-0.276740335	-10.99931844	5.39153
0.544633575	-0.642580056	0.944245512	-11.48031395	4.94209
0.31528674	0.167771512	-0.809070785	-12.48011743	4.68930
-1.005169156	-2.178628215	-1.228452052	-12.12860681	4.08551
-0.366966882	0.374022048	0.371401446	-10.55836676	2.53514
-0.309381079	1.063484625	-0.034573779	-11.14401726	3.01087
0.459774605	-0.185026849	-1.228072299	-10.94314103	2.86286
-2.545304385	-1.905698721	0.206552928	-10.24851577	2.98730
-2.066976626	-1.778794372	1.382564121	-9.92501488	2.02207
-2.180858966	-0.540948621	-0.006196278	-9.21373331	2.02961
-0.899065581	-1.186213247	1.271618929	-8.1602333	1.87622
-0.247302038	1.942327534	-0.920891359	-6.73224164	2.64147
0.259943573	1.822945738	0.490980732	-5.30188004	3.14482
0.707404326	-0.153756844	1.559512339	-5.13235295	3.28691
1.124519616	1.252382481	0.493671955	-7.20208456	2.23055
2.361688455	1.272405558	1.072435254	-8.45316536	1.82153
2.023642625	-2.339413265	2.051608874	-7.26691855	2.42728
0.630216693	-2.450331057	-1.415300283	-5.99848197	3.33565
-0.752233292	1.202096666	-1.222257093	-5.25470243	2.68562
-1.204028545	1.198870388	0.834024992	-5.09771998	3.57682
-1.704679049	0.120696299	-2.21103821	-5.74176219	3.29278
-0.859449248	-0.531257498	0.040408989	-5.97304112	1.95255
-0.739466914	1.581837562	-1.592922224	-6.10238408	2.80135
0.194718561	-0.487430502	-1.037980152	-5.6427997	2.59812
0.413749772	-0.704935681	-0.038917052	-3.98269726	2.52950
0.680070118	1.653178241	0.63140403	-3.11769303	2.14437
-0.583274174	-0.073972633	0.076782355	-3.07750384	2.66849
-1.605695267	0.971271591	-0.70589933	-1.71352755	4.70118
-1.128398633	3.652672049	-0.832087328	-0.15248742	3.74319
-0.583607857	4.185300787	-0.879322906	0.4895854	3.26785
-1.725603678	1.972999657	-0.626855187	1.50830405	1.47234
-1.316234158	-0.798877601	0.00632293	2.86462833	-1.21365
-1.499394656	0.366005586	0.966403364	3.10450105	-1.70953
-1.262196631	0.6855064	-1.21065355	1.42476317	-2.59716
0.03993378	-1.247971046	-1.96011178	0.92237657	-2.63803
-1.751889812	-0.308603789	-1.414841925	1.74964775	-2.44259
-1.75275266	3.304098027	-1.108347829	1.97069423	-2.96788
-4.242790904	0.757577884	-0.120330284	1.25822272	-5.14614
-3.527893972	-1.537257367	-0.65711876	-1.1881896	-6.00871
-1.615126104	-0.592092968	-2.211397319	-3.5422447	-4.10733
-2.9630981	0.37666028	-0.528553638	-4.51608681	-2.82927
-1.851169116	2.520300364	1.683156779	-4.84634201	-3.68911
-3.121274534	0.133733592	0.373677122	-5.11167641	-4.78000
-4.169687797	-1.041614162	0.369626008	-5.29361813	-6.14279
-3.713916144	-0.598802532	-0.871183027	-3.91327123	-7.66133
-3.225831519	-0.852188541	-0.268689316	-3.91368911	-7.47966
-1.49586437	-1.165477355	-0.918364576	-3.36122393	-7.83142
-3.746136584	-1.634226047	1.179021724	-2.52164568	-8.87350
-1.861805443	1.14438169	0.976546037	-2.64569005	-8.86281
-0.6440674	0.397800394	-0.21917938	-3.15970935	-8.17296
-1.66395498	-1.249949715	0.17637605	-4.74875553	-8.09449
-2.254303572	-0.258042436	1.5487613	-3.73417958	-6.44415
-2.46950092	0.265171114	-0.877419695	-1.48333818	-5.97578
-1.176573439	-1.402071661	2.510971259	-1.00965386	-5.64239
-0.799571912	-1.293834325	1.669778904	-1.16136474	-7.17748
-0.752660498	0.480262557	0.125528624	0.03408293	-6.92416
-1.953702109	-1.1329305	0.147494449	1.10996795	-4.96586
-2.284141505	-1.64665239	-0.277149738	-0.79058461	-3.76568
-2.510489938	1.625379011	0.694990586	-2.41161686	-3.78879
-0.239894825	4.002883954	0.675554412	-2.51374127	-2.36732
0.78758299	1.84013577	2.112820448	-0.89194684	-1.78624
1.677251122	0.181467795	0.866678576	1.25987421	0.66674
1.988469476	0.816641943	-0.431915453	2.99559255	0.00375
1.375435971	1.09196666	0.554202117	4.89042393	0.99731
0.715552786	-2.090589329	-1.388034936	7.0787714	0.57255
0.964831302	-0.277798181	-1.440647278	5.87980471	0.25864
-0.419013006	0.676521775	-0.131120819	4.77123597	0.81831
-0.377509612	0.451940127	-1.532774614	2.94814785	0.26110
0.477167493	0.363295272	-2.360826637	1.01315495	1.75495
0.981482866	-0.713163631	-0.431853037	2.39609011	2.43795
0.620594646	-2.171207512	-0.021280839	3.2625211	3.84657
1.706867738	-1.549825498	0.182306916	2.0600516	3.63855
3.269447735	0.440403695	0.216062923	1.0612152	3.81987
4.270322179	2.250777421	0.362559817	2.13824946	3.43659
3.08405553	0.507056498	-0.096054517	2.90896789	2.52208
2.790864663	-1.55443255	-1.906915896	2.00301403	1.86415
1.808745923	1.998663348	2.050407101	0.08822517	2.04607
1.713016396	0.362974037	0.881442916	-0.38639701	1.10142
1.037009284	-0.882224912	-0.524638672	0.41428903	2.19086
-0.307965245	0.374138927	-1.067368209	-0.16792324	2.36363
-0.401234159	-0.580385493	-0.379341259	-1.52636274	3.00295
0.251127462	0.345981628	0.571271241	-1.17218852	3.31089
-0.018719407	0.863209783	0.230446666	-1.01257415	2.52006
-0.36698491	-1.567859847	0.588951868	-1.40315915	3.01007
0.734573778	-2.787750318	0.92669619	-0.65049944	2.98226
0.790598464	-0.250665309	-1.174403825	0.52762162	3.05252
1.507442555	0.020237558	-0.547714727	1.74783271	2.30703
1.586622312	-0.621421516	0.417907046	2.5086635	1.34575
1.786747147	1.270579188	0.288208903	2.48513336	0.23048
1.973541807	1.204420211	-0.388950362	4.44687045	0.50569
0.684560807	0.279676793	2.518084766	4.81764652	2.03726
0.877796195	-0.420689049	0.219252931	2.57763132	2.86865
0.587162553	-0.152777102	-0.721865626	2.9661126	3.92875
1.881919846	-1.158141843	-0.137097576	2.97761679	3.18766
3.417662266	-1.443781862	1.22395324	1.56888016	3.33868
3.838585657	0.457118294	0.475603461	1.5969002	1.31069
2.381511363	-1.44713872	-0.558238955	2.12458117	0.60685
5.253058937	-1.254843946	0.965503744	2.2186906	0.22694
5.964851895	0.320389614	-1.002743728	1.77221175	-0.39779
5.970308205	0.095891186	1.375172617	2.16869216	0.46618
4.723207438	-0.274890899	0.086401824	2.56709303	1.89917
2.317536501	-0.190816707	-0.110988252	1.65767323	1.59646
2.179994278	-0.301147469	-1.910787094	0.80880247	0.18387
3.369504192	0.41829889	1.576324251	0.67722303	-1.62796
2.131459687	1.106850245	0.776053301	0.66616038	-2.23910
2.996074041	0.150113033	-0.318150837	1.02717672	-3.91514
2.197431709	-0.468802713	1.043460672	0.66425539	-4.76185
1.162180975	-2.080809267	-2.121983103	3.63567639	-5.33895
0.318354195	0.289107336	0.201483872	5.84398941	-6.16545
1.565422962	0.839484408	1.035478561	4.01515064	-6.85757
-1.12133529	0.287303999	0.472129065	3.25118604	-7.31297
-1.822464055	-1.026132122	0.652317873	4.57280092	-7.11899
-1.75411576	-1.162656089	1.423887167	5.19412564	-5.82321
-1.539460448	0.15975525	-0.732223006	3.52597943	-6.11883
0.481484443	0.448189356	-0.440763527	3.11641951	-3.53474
-1.796436492	1.726858713	-0.98390621	3.11354247	-3.04857
-1.628514158	-1.013742125	0.012915313	-0.13614611	-0.88114
-0.967434676	2.497488865	-0.170429781	-3.35296496	-0.15466
-1.254613086	2.978038636	0.055736238	-5.47188148	1.44046
-0.651442316	-0.149454038	0.279238899	-6.88094166	1.85070
0.549414697	0.539151019	-0.768033662	-6.62789586	1.94999
1.274298742	-0.394537219	-0.46795563	-6.5812193	1.98364
1.195652388	-1.382706653	-0.341482528	-7.1906758	0.85757
1.536721358	2.972815956	-1.128974238	-7.59230184	1.40544
2.283188178	2.300793814	0.082548796	-9.04805723	0.97797
0.591951948	1.287925945	-0.786026912	-9.73165238	2.09167
1.13101763	0.147213493	0.257601089	-8.79746591	0.70299
0.71504276	-2.157093664	0.04671984	-7.46222922	1.44685
0.18628433	0.045292409	-0.86113235	-6.23288181	0.64485
-0.365571863	1.441979355	-0.242364102	-5.12159003	1.95463
-0.331452455	2.532012402	-1.392136608	-4.91521886	2.31814
0.175986328	1.713372205	-0.560827334	-6.25076318	1.83884
-0.471078643	-1.007212061	2.102140708	-7.05866524	0.00001
0.600102761	1.94365535	0.728960944	-8.20619304	0.00745
-1.095427934	2.249895593	-0.132005655	-7.53948525	-1.80033
0.375037228	-0.233161562	1.414942124	-4.64336299	-1.14089
1.091677177	0.377180875	1.321019694	-4.60038508	-0.36482
1.251277026	-1.117578828	0.31110391	-3.22044288	0.04997
1.405746383	-3.02290133	2.342471573	-1.78259401	0.37708
2.289859421	-0.366014971	1.560996701	-2.58931017	0.76670
1.565256608	-1.264781112	0.589823688	-2.24094719	1.92915
1.576899137	-2.127803039	-1.096414861	-3.05261097	0.36763
2.982425679	2.76814404	1.192835618	-2.87112292	-0.17769
3.232346212	2.617261456	-0.29141447	-3.03146145	-3.09081
2.337934668	0.475380428	1.244552219	-5.29857353	-5.02706
1.558751773	0.515385288	2.005729596	-6.34729503	-4.81199
2.103852171	-0.89479448	1.872091972	-5.0670362	-3.65956
2.183550637	1.312255836	0.767103295	-3.51331879	-1.34852
0.430596621	0.370685911	1.024665731	-2.56728239	-1.23768
0.630009743	-3.529863677	0.766368914	-2.43662947	-0.24758
0.45240254	-1.110824795	-0.203444806	-2.92946089	-1.60527
0.995327567	3.394130773	-1.678258316	-3.55407057	-2.92598
-0.063336153	1.422854065	-0.1015733	-4.11984029	-2.07864
1.211138113	-0.639310277	2.049526796	-3.69905859	-1.39730
1.332004946	0.694929784	1.990385583	-2.46407272	-1.37657
0.853570795	2.664028016	-1.443868728	-2.15830876	-2.70043
-0.638159721	3.230269992	0.572730024	-2.10990077	-2.92942
-1.190691429	0.339689316	-0.2014858	-1.16229514	-2.84325
-2.240033953	-2.426474784	0.36265212	-0.20484351	-0.38775
-1.042997631	-2.227447612	-0.08296616	-1.21514969	-1.98845
0.163234514	0.949142061	-0.386511739	-3.6006911	-1.97830
2.365297298	1.736549986	-0.538631138	-3.53520532	0.58444
-0.116918528	-0.501935079	1.411125288	-1.09396843	0.83569
0.715028157	1.149010567	1.69819373	-0.73070846	0.07602
0.643717574	0.125299298	-0.2198089	-2.08025662	0.01099
1.026156184	-1.311020432	1.668636565	-3.07585572	-1.49383
1.739421978	3.152498414	2.270269944	-3.18419314	-0.23188
1.976748451	1.895666839	0.935550104	-3.17339435	-1.62771
0.374781121	-0.744870545	1.179208712	-3.86784586	-1.98652
0.742428254	0.425575846	0.218673463	-4.75708746	-3.84892
-0.015839861	-1.33336464	-1.05143839	-5.6638852	-2.92356
-0.001729967	-2.322018288	-1.105822128	-5.61192164	-2.36449
-0.777594359	-2.599673226	-0.050110699	-4.61581866	-1.29164
-2.093314677	-1.497671288	0.135616753	-2.41590738	-0.84417
-0.027456273	1.637821295	-1.026263129	-1.78482743	-1.26927
-0.565162802	0.680741406	1.314204585	-1.32614455	-2.76261
1.850671057	-1.251843033	-1.1403797	-1.69130505	-2.65888
-0.227528264	-2.537019927	-1.789765046	-2.21057765	-1.66764
-1.531378721	0.321727743	0.378853033	0.73711679	-0.44361
0.460639384	-0.108378399	0.124394604	2.19613464	1.33323
0.024937517	-0.423971995	0.152101742	2.46673891	2.98100
0.092986594	-2.047643809	-1.74144717	1.84699669	3.42012
-1.475413466	0.73952162	-1.38439684	1.30917155	3.23423
-0.641599141	1.529756527	0.989135667	-0.65848561	2.17960
-1.165141798	-2.17310606	-0.33290514	-3.44286273	2.27002
-0.582669452	-0.748434316	-0.178888071	-4.64005411	3.12844
-1.996360424	0.430537212	1.008321124	-5.53888669	5.50377
-0.168591295	-2.010395571	-0.88746395	-6.21510602	6.36173
-2.350926221	-0.58969745	-0.772184803	-5.89388279	6.46344
-0.999458516	0.405727428	-0.517418262	-5.9664346	5.81151
-0.919544861	-2.227870255	0.662315557	-5.05454739	5.22783
-1.871606247	-1.538550411	1.07957784	-2.61422274	3.83910
-0.448396893	0.143016644	1.453107058	-2.24912614	3.36906
-2.15046347	-0.674612383	-1.146540618	-0.4217201	2.86637
-1.456194896	-0.111630961	-0.070668952	3.14689117	2.24183
-1.411250066	-1.786162199	0.679688086	4.08638243	2.14471
1.97707469	1.495618968	-0.411329689	3.42912582	2.72274
1.556126501	3.611791789	-0.576008611	2.15742564	1.84693
1.83995234	2.490398495	-0.912537747	1.46746927	0.67025
1.850328815	-1.150495023	-0.217131528	1.8790324	0.77565
0.969502358	-4.654288619	1.044422429	0.91726239	1.23800
0.366518892	-1.742708316	0.169060974	0.44845345	1.22857
0.524844442	-0.592068126	0.770774361	1.70365424	2.11452
-0.362273625	-1.297992848	1.287689595	2.9321847	0.57178
-0.081677412	0.186027136	0.097924582	4.06354561	1.74801
0.849916425	0.43507212	-0.149610546	4.62860348	0.54288
0.395866666	0.312132236	-0.709492746	4.94530179	-0.24387
0.225567611	-0.101851663	0.775673067	6.71145679	0.42051
0.835417989	-0.477141914	0.842873584	8.54492604	-0.49112
1.4235698	2.203463345	0.000746323	7.44308242	0.64831
1.028563903	2.933664528	-1.624300593	6.89062968	0.80367
0.516912805	-0.158269648	-0.813116566	6.70275869	0.19660
2.89641277	0.108016458	0.457479651	4.51863282	-1.31393
2.325876917	-0.586829142	-0.618919205	4.01906189	-1.33007
2.822437698	-0.528096169	1.126443074	3.65442981	-1.09901
2.134709135	0.78798904	0.820624511	2.29660004	-0.18490
2.592016796	1.112466502	-1.634564698	0.70708425	-0.37285
1.851445814	1.368918016	-0.415079487	-1.49786971	-1.08073
1.243836387	2.739695723	0.737586601	-2.05108296	-0.27726
2.745671217	0.954495059	-0.234310024	-3.23614296	0.13934
2.906229123	0.017192124	1.873405246	-5.82771852	-0.74083
1.116391894	-1.840314077	0.499790868	-6.70391552	-0.19583
0.142909943	-0.176582676	-1.510724628	-6.5523393	-1.36694
0.233169241	0.785674666	1.127430571	-6.37872865	0.01935
-0.296157641	-2.471407582	0.428693429	-6.5404047	-0.23401
-0.4734707	-0.582258436	-0.523712985	-5.94419968	1.38462
-1.943862956	1.509984288	0.943867826	-4.25732911	0.12461
-1.436011353	-1.388674096	1.501445724	-1.68178046	1.63661
-0.576509984	-0.330111202	-1.672282028	-0.32828343	2.20627
-0.987809771	0.15510582	0.67435751	-1.66918527	3.65396
-1.388867954	-0.725311649	-0.503969795	-1.7610121	5.05484
-2.121250594	-0.509371214	0.575568982	-1.11627171	3.87471
-2.170310111	-1.253860644	0.552529583	-2.42820262	1.94348
-4.127888409	-1.332380946	0.226773233	-2.16254004	0.49297
-3.456949418	-0.83780047	2.01248083	0.05896363	0.62819
-3.390411368	-2.859839019	-2.572323897	1.56853272	-0.25791
-2.100550825	0.406569623	-0.774470423	1.91932322	0.25839
-3.399125365	1.736994472	0.606382038	0.61663295	-0.54933
-2.008808521	0.07644315	2.010890412	-1.55912489	1.24661
-3.024499129	0.02717613	-0.512602369	-3.2931116	-0.02216
-1.484100882	-0.314244471	-0.300936943	-3.99460375	0.66117
-2.660169318	-0.318537714	-0.80350875	-3.15996443	0.46416
-3.948596062	-0.446698274	0.025357542	-1.40535485	1.88329
-2.463267428	-0.475447746	-0.236541529	-0.12659305	0.89449
-3.990328074	-0.400595323	0.783913954	-0.45514655	1.62158
-2.439335555	0.410550593	1.247959838	1.03012127	2.10569
-3.234211109	2.306695051	1.276750209	2.93754559	2.30328
-3.600259159	1.001186755	-2.226828745	3.31025097	2.00070
-2.215028007	-0.640168171	0.062322491	2.53572019	1.87781
-2.571882913	-0.742860635	0.051850005	0.25233536	3.56035
-2.849615781	-1.501812983	0.370768273	-1.95199073	3.38936
-1.931693906	-1.14569737	-0.950668357	-2.59789876	4.34752
-1.49990736	-0.570883744	0.727618969	-2.04086343	5.92804
0.328656522	1.857020133	0.412789052	0.01254768	6.50033
0.709235325	0.758883775	-0.191508106	1.40325711	8.71996
1.802251808	-0.541564646	0.971349565	0.491028	8.67060
0.580879108	0.126478406	-1.742958239	-0.41932056	7.89634
1.317011493	-0.640982861	-1.265491471	-1.20015382	7.29241
1.64450174	-2.27073106	-1.325810216	-3.00165415	8.18680
-0.310277619	-0.82082806	0.216364028	-3.23779602	6.88214
0.811106836	0.037020406	-0.69720286	-0.82600546	5.79018
0.523430266	-0.537625514	-0.588766615	-0.28176222	3.90325
-0.992555398	-0.933419606	-0.732978697	0.38613826	5.21671
-0.994078286	-0.386924896	-0.051087538	1.13257032	4.57668
-2.221458209	-0.339293253	2.269672859	0.72903858	3.35467
-0.770541178	0.244568848	-0.469255905	2.46850064	2.00321
-1.859929803	1.487844674	-1.325691422	5.00473075	2.08588
-2.25453459	1.195543739	0.22977182	6.39142282	1.67256
-2.279139156	-0.978269378	0.941924736	7.2017069	1.97077
-1.323390362	0.882016942	0.19497395	4.97181538	1.45259
-1.513064132	2.431470509	1.049473652	2.9249176	2.60845
-0.802564021	-1.175995344	-0.379105101	4.54909235	3.80867
0.03327058	-2.799223176	0.168160151	5.98793067	3.33261
-1.408549638	0.062238836	-1.098759814	6.55614623	3.54097
-1.71016617	-1.544757151	0.981685283	5.78140239	4.96277
-1.575963338	-1.804656315	0.888300776	4.54326922	6.68466
-2.199207284	-0.663849458	2.102092224	4.37124471	7.38369
-2.602107045	1.162458948	0.059266855	5.98266658	8.53136
-2.295749426	1.697977947	-0.22648671	8.20488641	8.92930
-2.646630205	1.522866461	-0.082469394	8.4772362	10.00852
-2.340824686	-0.03537788	0.349018403	8.51071252	10.61894
-4.001579841	-2.563158074	-0.720014932	7.99101055	10.22704
-3.514610305	-2.09570638	0.679006238	5.98829208	9.42138
-4.271473483	-2.009663097	-1.41204791	4.31995363	9.02460
-4.106003766	-0.672991184	1.247810656	4.92599248	9.20433
-2.582084836	-0.665780102	0.06032752	6.03327793	8.38220
-1.36584354	-0.097921965	1.463730566	4.771837	8.83889
-2.227403561	-1.381095898	0.126075773	1.6670116	8.27245
-1.427297804	1.546640735	-0.434236385	0.2859843	8.35919
-2.960656502	-0.008241225	0.907073232	1.19540399	8.59035
-1.691978298	-2.065328804	0.580714933	0.83815096	8.74662
-1.529461207	-0.582015347	-0.707421279	0.88615823	7.03283
-3.262447915	0.171012242	2.440320942	0.48630439	6.43030
-3.89294769	-0.970321867	-0.255015119	0.10807038	5.73873
-2.854259173	-0.744737889	0.919422262	1.03149389	4.71780
-2.553087803	2.149856421	0.238680898	0.76931353	4.06169
-3.255555123	0.360860873	0.555103688	0.95220103	4.55310
-3.956415965	-0.261065898	-1.405541429	1.6827217	4.38676
-2.481634205	-1.359158932	2.18385568	2.37972026	5.55076
-2.236461006	-1.340477225	-2.105702892	3.2626514	4.48489
-3.54513106	1.852586688	0.010728705	4.99696603	2.60093
-3.382287688	-0.161586403	-1.094977558	7.60757572	0.94555
-2.938181723	-1.928830627	-0.020588033	7.757226	-1.11291
-1.501917205	0.735257755	0.115519186	5.70968605	-1.55793
-1.785763897	2.446914688	0.601461278	6.20352456	-1.82245
-1.543248833	1.56096061	-0.527066622	6.37345495	-1.50307
-0.901575609	-0.240930931	0.577986793	5.12434988	0.16695
-0.198199318	1.055224759	0.607505058	5.06202873	-0.89835
0.933220818	0.292659828	-0.196225029	5.71607658	-2.39003
0.847210051	-3.822515408	-1.168356807	5.69882124	-2.53747
0.592687019	-1.290288782	-0.452530681	4.09698772	-3.17103
1.999399336	0.74169836	-0.991129243	2.49111374	-1.47330
1.580899554	1.108688154	-0.417203819	3.19044351	-1.88258
3.08359717	1.716559082	0.557110312	4.30273685	-0.34809
2.553971628	0.157533577	-0.233471191	3.85639314	-0.34039
2.920365271	-0.692371558	-0.457019983	2.96589134	-1.02241
3.804704509	-1.685206052	-1.249615023	0.38383322	0.61343
1.881805383	-2.220518273	0.223322702	-1.43320644	1.72679
2.072543591	-1.119987312	-1.05417036	0.97862095	3.19884
2.35859778	0.876583393	0.927959061	1.46875788	3.20607
1.251373302	-1.151229739	-0.390315126	1.63156201	3.72919
0.233911061	-1.508022638	0.500655689	2.53348072	3.21186
-0.474378731	0.968739776	-1.284794787	0.35915179	2.69127
-2.563978456	2.964714566	-0.20633661	-0.66726401	3.13874
-2.582732125	1.762454999	-0.224359585	0.05965886	2.74458
-1.969055003	0.975674143	-0.9441829	1.65961773	2.08352
-1.45932648	0.151111071	0.810637142	1.92065242	0.47312
-1.811327658	1.792035921	1.86342987	-0.15608018	-1.64812
-1.204384633	1.928410389	-1.247955585	-1.41857266	-1.79718
-1.688700563	0.220126946	-2.405829718	-0.92581263	-3.40467
-0.890110624	0.880066888	-0.365751989	-0.08580751	-4.26465
0.058476113	0.763245436	0.731679676	0.92696764	-4.46798
0.199955026	1.483166248	0.004949171	0.08073918	-3.21264
-1.813917973	0.939514952	-2.50602715	0.20420358	-3.49915
-0.853738136	-1.221657173	-1.356135725	3.31432046	-2.69606
-0.536940497	-0.089381225	-0.76849074	4.55295183	-3.58207
0.390295727	-1.019318601	0.731815439	3.90690794	-3.99062
0.004155118	-1.220276318	-0.676374508	4.93040927	-3.52821
-1.552668503	1.712870458	-0.897427408	7.05320304	-2.91117
-1.190500163	0.95173324	1.434359101	7.61139923	-2.45549
-0.838166348	-0.231654491	2.00176005	7.31605506	-2.37980
-1.268497051	-2.329409247	-0.992604709	7.34469157	-3.31069
-0.464652319	-2.875723648	0.127764069	8.13327274	-4.94944
0.445972332	-0.710131136	-0.169340666	9.02739734	-4.96726
-0.760065537	0.033897248	0.442589084	7.56205947	-4.41067
-0.590382335	-1.165937393	0.711396894	5.98974437	-4.62888
-0.26205475	0.944393826	0.699731292	5.04866185	-4.52943
-0.507793605	-0.893918492	0.470476732	3.55769042	-2.16061
-0.489327948	-1.23811381	0.388700696	2.83674215	-1.38353
-1.311463173	0.718265715	0.408671717	2.63641531	1.84539
-2.209735895	0.244577422	0.603182818	1.45158403	3.10631
-1.294007098	-0.439676601	0.536038523	-1.23006626	3.83626
0.509052879	-1.001675273	-0.172884564	-2.62180812	3.76301
1.197781388	1.788964723	-0.172887806	-1.77508239	4.38234
0.045821419	-0.31759297	0.440958572	-1.38700317	5.30659
2.193772532	-1.138628975	1.77820876	-3.36590004	3.52925
1.634379657	1.549867226	-0.550809383	-3.37528585	3.98018
1.403899251	0.000505364	0.048192968	-1.92441651	3.27800
0.82213491	-0.58569082	0.326817912	-2.84272756	4.05342
2.262695034	1.481479639	-1.533975743	-3.46187432	3.95374
0.25630537	-0.552583055	0.191211534	-1.2171013	3.43506
0.540843344	-0.628601176	0.148768384	0.58175312	2.67566
1.632414513	0.659730694	0.607761347	0.29025682	2.66217
2.869791633	-0.103197853	1.017347737	0.49187394	2.44370
0.977412431	-0.789446562	-0.226505274	-0.2195946	0.65226
2.897989755	-0.588651449	-1.925741795	-0.74374622	-0.11559
3.168725832	-0.264671273	-0.363142327	0.14935715	-0.95767
1.776678362	0.05354522	1.03231908	1.55708098	-0.80946
2.873697651	0.127510136	1.051389182	1.98866396	-2.06862
0.739022991	-1.089991617	0.935954802	1.36701302	-3.25180
0.299089458	-0.822174897	-0.1966764	2.25104365	-3.69086
-0.26857915	0.416016007	1.182933643	2.4378007	-4.19157
1.953903563	-1.249514611	0.319598225	2.397201	-4.98295
0.802106947	0.005446546	-0.76508254	3.67268947	-5.00933
1.263438773	-0.260519381	1.007754763	4.6455494	-3.36134
1.29003452	0.081094617	-1.296260266	4.15625768	-3.12239
1.624997915	0.691727505	-0.446995424	2.49490054	-2.82124
-0.110640165	-1.855266159	-0.578671498	2.01868073	-1.90181
1.330764102	1.928295634	-0.432156939	1.54425432	-2.28964
0.903731236	3.600980154	-1.836324238	0.69294929	-2.49887
1.127287603	1.113115966	1.633560925	0.06518554	-1.41353
1.426359257	-1.141269814	-1.593152986	-0.66624846	1.53792
0.833411514	-2.767414357	-0.884911274	-1.75305236	0.08513
1.544636724	-0.576924434	0.861405683	-0.41441311	-0.54165
1.919283676	-0.869136107	0.483439677	2.59370343	-0.63475
0.229722841	-0.902956036	-0.056809472	2.71384695	0.24931
0.642530459	-0.560551834	1.134458048	2.48905686	1.35911
1.638075293	1.955365824	-0.004364167	2.11970949	1.93944
1.515298831	2.02876475	-1.219255937	2.0206664	0.37519
2.504786043	1.122782484	0.389495741	2.30693583	0.13737
1.314749288	-0.324702656	-0.707008135	3.10804049	-1.68920
0.724519155	-0.96909988	-0.493916786	3.88782469	-1.69361
-0.034817675	-0.167056674	0.085586267	1.99631015	-2.44609
-0.15672292	0.586725126	0.557800201	-0.02702481	-2.24125
-0.772954842	1.406200928	-0.736838263	-1.89718424	-3.61481
1.249198735	0.904100345	0.213438994	-5.19660796	-3.14741
1.364287226	0.124126566	0.644908942	-7.19986791	-4.26684
1.979987519	0.494214076	0.802393131	-5.87333939	-4.10228
2.344170824	0.119645482	-0.232500499	-4.22503427	-4.65346
2.33901465	-0.434570981	-0.598388943	-2.66204341	-3.22200
3.199147607	1.675868901	-0.461077879	-1.11806671	-1.52206
2.556633742	2.263990327	-1.230231845	-1.39711858	-0.71871
2.831049345	0.907950987	-0.605944502	-1.19630728	-1.81210
1.907520409	0.854237703	0.171133477	1.58308817	-0.99197
-0.442966153	2.842320061	-0.496418698	1.34416551	-1.88401
0.226380522	2.31565084	-1.899829295	-0.48548627	-1.14707
0.741764519	0.394820637	-0.278022529	-2.02235501	0.03021
-0.488287825	-1.029253606	0.157894177	-2.99393738	1.45396
-1.185850117	2.131723049	-1.407272611	-2.41000684	0.08624
0.572708091	2.237296175	-0.04760026	-3.73395067	-1.58140
-0.08932917	0.05685962	-0.645501484	-4.94286747	-2.29161
-0.050596232	0.319230301	0.297540162	-3.77533507	-2.27567
-0.601349414	-0.227428851	2.824112183	-3.82594403	-3.21341
-0.885884527	-0.251816124	-1.820780973	-4.40271352	-2.57513
-0.421713057	1.262263803	0.841774774	-2.98489259	-2.47580
-0.724638298	2.160825096	-0.263425694	-0.63182032	-2.37097
-2.698544608	-2.325234755	3.625394391	1.07118878	-2.22583
-1.267971533	-0.088708424	0.270915344	2.8281974	0.12479
-0.314431302	1.288724401	-0.633345281	5.16206258	1.43723
2.264926346	0.723947443	0.896315203	7.1788192	2.27182
1.265765553	1.453669929	1.686187975	8.57534714	1.97281
1.315991221	-1.231186986	0.172788983	6.83144973	1.95225
0.85157661	-1.611370184	-0.134169345	4.22007959	1.80110
-1.258523377	1.522863451	1.320216163	3.47816217	3.29838
-0.177865268	0.81582018	0.036117165	3.35559581	2.69748
0.380048272	0.266207795	0.177509529	2.45353613	5.96706
-0.462475539	1.896284915	0.729163243	1.04487804	6.96449
-2.096827216	-1.85125909	-0.68453711	1.68503524	7.63619
-2.139139984	-2.527485054	0.935515281	5.21804299	9.03764
-1.337959925	-1.026627136	-0.656793365	6.99641852	9.70476
0.69019215	0.410772412	0.873898403	6.43398983	9.47974
-1.893699758	-0.03709933	0.799968377	3.92029156	9.21828
-0.402240245	-1.890642751	0.125697729	0.96009924	7.81770
-0.311332815	-0.641130629	0.795830828	1.35174302	7.53910
0.407664073	0.896133974	-0.027948128	2.7089919	6.51261
0.332238322	2.580521308	0.737480472	0.70858283	7.10989
-0.5579206	-0.573536927	-1.077829341	-0.70865107	7.22537
-1.236157568	0.634987039	0.054385937	1.51780752	8.03829
0.23526514	2.780212046	0.517693777	2.44158747	8.57497
-1.88728745	-0.767351211	-0.369742847	1.73403861	8.90261
-1.395117829	-3.886325291	1.257545935	-0.20423121	10.27485
-1.248984273	-0.744714881	-0.706830846	-1.54677311	9.71574
-1.229762101	1.355271294	-1.015919014	-0.67380847	9.52173
-2.980376021	-0.301909641	0.920628362	-0.66378995	10.27717
-0.265348333	0.126989541	-0.485410418	-0.64937097	10.22665
-1.164651239	-0.082149464	0.868882281	0.88417423	12.05047
0.457383804	-0.921440273	-0.131130762	2.02020885	11.10429
-0.570317393	0.365776741	0.64596318	0.7654757	10.23532
-2.418495719	0.128523818	0.974123546	0.78017929	8.01925
-2.581046179	-0.545785385	-0.173339894	1.28354086	7.00735
-2.17484514	-1.71843493	0.235476084	0.96762415	8.47491
-2.100790619	0.393978883	0.231959734	1.36775844	6.49779
-2.126800691	-1.325450711	0.256153733	3.86323086	4.64013
-1.562740753	-0.585483997	-0.178136625	7.79730358	4.25469
-0.781400045	0.733519278	0.225358105	9.47312019	4.32771
-2.166542033	-0.669118786	0.323101605	9.85488189	4.49388
-0.622156376	-0.944089011	-0.105596591	9.75212134	4.69704
-1.185835065	-0.753279684	0.501449015	9.78851217	4.38253
-0.759277229	1.012292323	0.413023141	8.52391917	4.14673
1.062320353	0.296455896	-0.449379694	7.5383249	3.87594
0.310145584	-0.698312823	0.002483455	8.17110379	3.56699
1.642099203	-0.094367828	-1.137908316	9.60150177	4.94537
2.183794144	0.971751915	1.460057893	9.75470933	5.02885
3.311407667	2.952619807	0.952477215	8.37291082	6.15725
5.028212285	-1.171075658	2.382793848	7.65176133	7.46832
3.505414025	-1.767784217	-2.353558982	6.90923376	7.52350
1.92783113	3.490141336	-1.157922554	6.81310299	7.47204
3.012606955	1.257231837	1.138115597	4.67415255	6.95668
2.643846136	-1.430596775	-0.767702118	1.43558885	7.10182
2.519036678	0.279679958	0.926099936	-0.06058824	8.11631
3.084573215	-1.149813829	0.506970499	-0.1337341	8.95779
2.041785154	-0.643375125	0.534347365	0.74261189	9.43786
2.069882047	-0.080907162	0.241184966	3.22162336	8.61104
0.119529449	-2.921814507	-1.378631412	4.0685699	6.85732
2.51272477	-0.061576151	0.293998584	1.51899982	5.52752
1.147446975	0.860134437	-1.075591376	-0.15107654	4.79415
0.992427039	-0.622776928	-0.057835187	0.61851367	2.59364
-0.176700866	1.057023515	-1.146239167	0.46072497	3.14352
0.768245432	-0.724779434	-0.602442733	-0.89594401	2.76810
0.995136209	-0.86164492	0.870927639	-1.19317365	0.93726
2.497571372	1.533472602	-0.775788229	-1.09267006	-1.00477
1.870888054	-2.090160634	0.291354731	-1.90188036	-0.56682
0.775126905	-3.700456974	0.794477711	-3.22445657	-0.52306
2.258207693	0.072473532	-0.400612723	-3.89926672	1.01264
1.238354747	1.964092966	1.463743794	-3.39396327	1.54373
2.561571457	-1.398886568	0.896948459	-1.7371379	1.69582
1.614087471	-1.912578094	-1.762191951	-0.97896133	1.89739
1.85147401	1.060051707	-0.000327784	-2.17381553	2.22966
1.677388644	0.719105279	-0.60104223	-3.08540582	2.03306
0.928303324	-0.851184307	1.394281307	-1.97528497	2.83723
-1.706985014	-1.118321265	1.295123092	-1.93603856	1.47815
0.386241473	0.728120137	0.925051946	-1.30987714	0.59596
0.82925314	-0.106516391	0.526167998	0.2004203	0.15975
0.31429026	-1.344595625	0.837260526	0.69154395	0.62379
-0.646367028	0.00334987	-0.68737119	1.61171574	2.00372
-0.926024411	0.218531195	-0.467067972	2.18869225	1.23931
-1.070259443	-0.387047434	0.321548416	3.37923394	2.49538
-1.24638253	-0.843425634	-1.737579096	4.93303379	2.58043
-2.890386452	0.266815434	0.858171916	6.17153067	3.86208
-2.543932116	-0.419139903	0.996638565	6.21452836	2.46040
-1.504448607	-1.807302382	-0.445421186	5.3070007	2.70299
-1.188061648	-0.455212238	2.01200004	4.18109412	1.58512
-1.278210986	0.547129774	0.415879071	2.70631848	2.13227
0.266064738	0.656332682	0.835097935	1.71354406	0.76524
-0.599339084	1.708395827	-1.639881037	1.12713675	1.55812
1.300771104	1.074497549	-1.090079842	0.59387658	1.88516
0.063340031	0.984618469	-0.440477927	0.29199356	3.29866
1.112116965	0.444900349	-0.293578446	-0.78565714	2.72582
1.988102602	-0.168580687	-0.23215916	-3.52486808	4.00664
2.688922919	-2.179261415	-0.909229077	-4.95158483	3.31050
2.873578599	-0.012916676	0.763279187	-2.95686318	2.29439
3.308912623	2.480808184	-0.261448406	-1.48234964	0.49192
2.58302289	2.144314536	0.062290079	-2.43985727	-1.75006
3.061807654	-1.029363499	0.989654242	-1.392941	-1.61194
2.100528597	-1.075014699	0.042165499	0.75362899	-1.77866
2.704690304	0.734950551	0.284758673	2.06807507	-2.10908
1.008615513	0.743505524	-0.462279669	4.28232374	-2.43558
1.935450407	2.098718483	1.498316782	5.784913	-2.69447
-0.243491794	2.024602709	1.252739801	6.25864595	-3.01392
1.081562443	-2.303509309	1.115999512	6.44673781	-4.26439
1.803418775	-1.96593936	0.599823638	5.70492845	-6.36676
0.911632133	1.967203745	-1.394294026	4.00169713	-5.71963
2.106078132	0.95722852	-0.271231726	3.31309219	-4.70124
1.252231659	-1.638447651	-0.458839777	5.29444578	-3.90573
2.186884113	0.839144396	-0.744937099	6.43019214	-3.95277
1.694374045	0.264925267	-1.191228566	5.49692487	-3.90535
1.620437524	0.8392161	0.175225394	3.67673333	-3.89055
1.227203448	-0.852663848	0.096302081	1.9966604	-2.11280
2.454942835	-1.152875854	2.084271709	4.26096427	-1.73961
-0.060438651	0.238819894	0.299952426	6.09605983	-1.00853
0.455163746	0.043225098	-1.891230895	3.8863641	-4.47683
-0.608903681	1.66656385	-0.425216	2.32952486	-4.62356
0.894242107	1.395362268	0.252180353	1.60692394	-6.46971
-0.137655903	1.630612392	0.31517372	1.30271589	-7.35277
0.129326725	-0.686886253	1.019774399	1.8998146	-6.71324
1.631075181	1.85558612	-0.285943373	1.25157568	-6.66841
2.57801945	1.426885654	-1.353266954	1.19755477	-8.04250
2.69593704	-1.553776928	-1.856995737	2.68302711	-8.20070
0.836586046	-0.435970601	0.611005584	1.69608408	-7.76324
2.123579525	-0.210019878	-2.080891653	-0.95057272	-7.68762
0.14987839	0.143227714	-1.493671833	-0.63233373	-6.48188
1.535363841	-1.362298161	-0.31411563	-2.09597591	-5.80361
1.333025928	-0.341865364	-1.561567137	-3.08409792	-6.61815
1.079497307	0.811466638	-0.396647049	0.91239547	-9.70506
0.793270638	-2.326826996	-0.247906295	2.71595848	-11.67174
0.742521941	-0.571988708	-0.643908528	2.19861292	-10.13919
1.26832515	-1.604366674	-0.896405101	2.17721083	-8.72251
1.420199013	-0.664514943	-1.296080156	3.18273711	-8.71531
0.000808858	0.719578472	0.30604048	4.51616182	-9.34453
2.122077215	-2.490792032	1.174182885	5.60501315	-9.41568
1.082023007	0.170452344	0.234540965	6.53474674	-8.68644
1.468611346	2.944980082	1.18987581	8.2102129	-8.05704
1.669338204	1.936193435	0.131958042	8.68422787	-6.62020
1.729620197	-1.691195119	1.280640098	8.95417316	-5.29496
2.483397304	-1.213614572	0.602646155	6.10273055	-4.45758
0.831204653	-1.746414338	-0.271565621	0.63420999	-4.10288
1.119055428	0.532485526	-0.686200722	-1.10047421	-2.94546
0.952369206	0.988908612	0.114558015	-0.68025537	-2.49767
3.00029153	0.25100288	0.570429529	-1.18719299	-2.83888
3.045674814	0.534485647	2.363609612	-1.3552142	-4.04016
4.331358931	0.801722918	1.050065936	-1.23517517	-4.84053
5.019705889	0.5765595	0.109968646	-1.84544929	-5.84858
3.723682143	-0.58684795	0.604486155	-1.33479647	-4.95378
4.044433941	-0.071790383	-2.460674912	1.19395593	-4.54454
5.58914913	-0.206355407	-1.11665964	3.96081668	-4.70033
3.836118175	0.401966986	-2.191415511	5.42222618	-3.70731
4.116798468	0.32221919	0.047162305	5.58371879	-3.85401
3.319410174	-0.837499338	0.164338868	5.33960228	-4.51950
3.258216353	-0.92856048	1.49429093	5.81226682	-5.28400
2.724422992	0.636746687	1.004648806	6.58523842	-5.68258
2.084880453	2.298032443	-0.242008268	6.63369003	-5.97671
2.656395103	0.830712841	-0.440315748	7.88845773	-6.77071
2.115387577	-1.967037616	1.239333746	8.58713898	-7.20474
1.262210849	-1.107202476	-0.338120281	8.39706804	-8.07756
3.303267888	-0.878231015	-0.290578354	6.94830335	-9.52082
2.088468076	-1.343632673	0.677931505	3.76099577	-10.91517
3.184234877	1.34303868	-1.008220761	1.81920963	-10.79660
2.023331705	1.039760964	0.047822107	1.64833261	-10.84130
1.428175735	0.118551975	-0.363106086	2.28499365	-11.75806
1.671021337	0.655657429	-1.503251049	2.44731228	-9.55806
1.395104034	0.396687143	-0.082422046	1.42506029	-10.03849
2.625571086	1.994779289	0.690448605	0.47591529	-8.78963
1.630329819	1.532545241	-2.360773271	0.41138698	-8.76656
0.693088875	-0.53319407	-0.45034318	1.69205731	-8.07573
-0.494853651	-1.20767586	-0.301863569	1.97838317	-7.57303
-0.146022247	-0.643266396	0.580314001	3.54655337	-4.34764
-1.156109869	-0.389505173	0.695023444	5.98789232	-3.22140
-1.221716081	-0.885116377	0.997914638	5.00814928	-2.83367
0.40553115	0.651143925	-0.568644873	3.43598527	-3.12042
-1.123190147	1.411466794	0.026172438	2.41051052	-1.84549
-0.766941309	-1.709313065	-0.468058195	2.61998963	-1.29110
-1.895281931	-0.142834011	-0.015469887	4.48331916	-2.69836
-1.229821107	2.116861145	-0.378778698	4.83904465	-3.10006
-2.51811078	1.153421948	-0.01686268	4.44723442	-4.63495
-0.903544303	-1.461171859	-1.059932303	6.78369259	-6.14173
-2.812032638	-1.070017033	-0.56498979	9.68397666	-8.19906
-1.997027503	2.017647208	-1.530470579	7.63680905	-9.16673
-3.509098311	3.134490607	0.506247137	4.33396237	-10.13555
-3.606652682	0.055185806	-0.532280885	4.06904827	-8.12514
-3.150373762	-1.213997552	0.266656609	3.9425159	-7.89037
-2.904777319	0.181830431	-0.58034961	5.30651548	-7.92511
-1.397307135	1.25033483	0.037877596	7.37969803	-9.11223
-3.181532096	-0.09716446	-0.709687901	7.00433679	-8.39761
-2.532940518	0.902273534	1.388363125	5.70843735	-8.53089
-2.736975889	1.298461057	-1.390146203	3.92372015	-7.57335
-3.526919122	-1.128489929	0.045273246	1.28039626	-7.82590
-1.050446334	-1.511996932	-0.006640991	-0.28976902	-8.90448
-1.818181766	-1.270399464	-0.717116452	-1.17691891	-9.23964
-1.525021744	1.794629718	-0.523921031	-2.45247229	-8.75962
-0.749481221	-1.142113825	0.164293523	-3.14250374	-9.34977
-0.390696395	-2.268689075	1.492127532	-2.99765435	-8.31453
-0.421990024	0.274821105	0.411215061	-1.76227667	-9.03143
-1.367703022	0.115489726	0.416564026	-0.44430135	-9.32449
-1.76119713	1.833757296	-1.731379783	-0.44290561	-9.57722
-1.576813893	1.042505935	1.37403473	0.71111696	-10.08433
-2.62135104	-0.173466733	0.185811308	2.83520916	-9.18219
-1.319104061	-1.605390275	0.827089346	4.62559569	-9.29696
-2.583044467	0.582289583	-0.774697727	4.00181046	-10.28750
-1.887105617	0.742981587	-1.961022224	2.54551539	-10.25044
-3.125490531	0.145603757	0.566574406	2.98549047	-10.67055
-1.402142792	1.425542109	-1.309621198	3.29644863	-8.89163
-1.608840816	1.066173844	1.379207016	3.61827255	-9.33563
-1.780692052	-0.802800499	1.132636297	1.52937375	-10.69901
-1.759659109	-1.498767788	1.003886841	-1.80488241	-9.69657
-1.337455513	-0.284483614	-0.900136883	-1.46902958	-8.43681
-1.23264543	-0.314352979	1.744468726	0.39544251	-9.16005
-2.828114417	1.170421711	-0.027659828	0.55117083	-9.88228
-1.203745486	2.780609474	-2.252091826	-0.29597948	-10.56879
-2.505095284	1.630957254	-0.136789618	0.1484711	-10.22679
-1.724754719	-0.432606079	-1.645835516	0.95984598	-9.40002
-2.172822767	-0.212960914	0.296197525	1.64695316	-8.63287
-1.773778888	0.111530959	-1.824485165	1.09111252	-8.07596
-0.493860294	-0.184844565	-0.031001367	0.31534372	-6.59843
-0.966136986	0.663147289	1.036712205	1.18302809	-5.82275
-0.390088651	-2.034480879	-0.817350383	2.32766128	-5.25233
-1.592001219	-3.015534798	0.031430251	2.67904944	-3.57752
-1.639497641	0.835531157	-0.600764637	3.23890487	-4.20489
-1.898785384	-0.827643212	0.327086312	5.30428909	-4.37708
-2.550591186	-0.590071195	-3.51297179	6.75631397	-4.08942
-0.726085582	0.277924849	-0.582828886	6.3261781	-4.20125
-3.239445264	-1.377638763	0.185615339	5.34879823	-3.39773
-1.276243898	-1.291204485	-1.349136092	4.77416323	-4.16604
-0.101529896	-2.490252005	0.551032722	5.41007474	-3.69220
1.571323237	-1.356595499	-2.808982224	7.63099339	-3.20784
-0.717508529	-1.161297451	0.32648488	8.71936921	0.23891
0.327597031	-1.355694466	1.033939721	7.99762631	1.79092
2.036437495	-0.557089463	-0.906945443	7.67459326	3.67394
1.090031922	-1.63980576	-1.573192388	7.63040039	4.72620
1.516912321	0.745710147	1.285746654	7.4911827	3.20546
0.643840754	2.284178731	0.126689218	7.53718598	1.74277
2.317560685	-0.842316874	-0.063075922	7.22407127	0.09146
1.645266249	-2.945493223	-0.365886779	7.30450989	1.59107
0.686545651	0.208808363	1.4885442	9.3966845	2.89127
1.015565484	-1.465520608	1.095696056	9.80238218	3.35356
0.005185661	-1.575237496	-1.641698176	6.95086819	3.61850
-1.453885349	-0.503429207	-0.272276745	3.55767195	3.19886
-0.330376487	0.224565368	-0.817023094	1.19874871	3.04765
0.305630313	2.324016044	-0.09269584	0.9425808	2.25394
-0.327856872	-0.87488177	-0.830600558	1.108224	3.42609
2.117919837	-0.0515948	1.985216751	1.75904923	2.53167
0.385740052	1.183653533	0.24265102	1.98493174	1.39682
1.01906149	1.985777814	-0.121569296	0.58671998	0.01451
0.763814438	1.248020364	-0.291534765	0.59293734	0.74616
0.003108801	-0.218912691	0.657781848	-0.39719939	1.57230
-0.345834231	-0.297512519	0.406722514	-2.13244187	3.35668
-1.360140922	-1.142301325	-0.201013756	-3.53036134	2.58074
-0.341902013	-1.381964332	-1.586023428	-3.14946983	-1.20227
-0.679089826	0.194847333	1.006983829	-2.91756459	-3.38606
0.111445718	-1.055573027	-0.962763956	-3.80609531	-4.97145
0.591948591	-0.399553376	1.515608669	-2.09894292	-1.90344
0.798793246	1.556813006	0.246509129	0.62500151	-2.85351
-0.198495442	0.685046257	0.096442487	1.94178917	-3.75730
0.802178687	1.803741483	-1.025197491	3.17969335	-5.16927
-0.557687529	-0.510095958	0.025081642	3.03885628	-5.54575
1.592444407	-1.168952657	-0.190016758	-0.23323287	-4.17092
0.549530319	-0.809294749	-0.294851008	-3.07182177	-2.88610
0.807067972	0.646605804	-0.299341539	-4.10138018	-1.97686
2.8655801	0.814488226	-0.007767593	-2.15091356	-1.62843
3.077709085	-0.832897562	-0.19305331	0.09023264	-2.04540
3.57889048	-0.004834202	-0.946176025	0.46682805	-2.70793
4.406670638	1.833228411	-0.898243183	-0.52504583	-5.52630
5.080696461	-0.652205244	0.212729004	-2.11056659	-5.59925
4.928215669	-0.817980129	1.454738236	-1.64078168	-6.92943
6.376844951	-0.234475656	-1.355879896	-2.56661725	-5.51153
4.447385817	-0.208612876	-0.257319825	-5.45803629	-6.71644
4.019957843	0.282036759	-2.067789579	-5.15024894	-6.00126
3.590265403	-0.186239912	-0.516737394	-4.37479068	-5.76975
4.807818237	-2.075651302	-0.192289716	-5.10287044	-4.85873
5.106031037	-0.916248358	1.326289015	-5.32904199	-5.60069
4.865252722	1.132579355	0.349885541	-4.12382685	-5.30053
4.184168069	-1.338881804	-1.899222642	-2.29564042	-4.86778
4.316136606	-0.712849178	0.586463343	-2.1157241	-3.76143
3.416995811	1.296566374	1.322704143	-3.56975257	-3.54148
3.132719388	1.922877834	-0.962183557	-5.9008063	-3.24195
3.840276276	0.088904703	0.709163135	-7.05853956	-2.71813
1.760712632	-0.014577475	-1.49332873	-7.71308658	-3.09898
1.636428141	0.214090444	-1.139711805	-8.87747809	-2.25925
2.489376963	0.608069807	-0.867689824	-8.73447661	-2.30143
3.12844962	-0.502913452	0.885406399	-8.61108348	-2.57345
3.162440042	-0.819318474	0.067732782	-8.38738062	-3.58095
2.598551436	1.350025714	1.251655735	-8.41729981	-5.72530
3.036951135	0.66565931	-0.264973993	-9.1072194	-4.93725
3.56471695	-0.109769669	-2.15197686	-9.32233289	-6.43481
2.027905099	0.169518217	1.104015158	-8.62245791	-5.55187
2.115910895	-3.197096429	-0.414902104	-6.98889811	-4.71919
2.098785125	-0.100102448	-0.810894723	-6.9906598	-3.84317
2.655880205	2.965156266	0.844879998	-6.95385235	-6.36161
3.359887341	1.202480844	0.923635428	-6.52393505	-5.88066
2.888517736	0.384858489	1.378337024	-7.08123538	-5.21148
3.701435275	-0.076915781	-0.11972254	-6.84152588	-4.08213
3.56097258	-1.507760943	-2.16266195	-5.66913719	-4.28299
1.494682233	0.397873415	-1.809366099	-4.42393813	-5.27043
1.872145057	1.963126079	0.05029286	-1.99589268	-4.02053
1.806622508	-1.917579716	-0.92905365	-1.5990214	-2.47129
2.206636864	-0.338418876	0.195018087	-2.523727	-1.53692
2.082191279	3.152994893	0.902331567	-2.40054802	-0.94860
1.264482725	-0.794994717	1.075504482	-2.30731163	-0.07198
1.555649652	-1.064174984	2.045745687	-2.44840381	0.04101
2.095449429	-0.215737248	-0.859994078	-1.85996944	-2.58137
2.29326075	1.608082144	0.382309175	-0.69525571	-4.65182
3.047882239	0.729061472	0.416714971	-0.72898632	-5.59335
2.092780771	0.321999484	1.261203969	-0.84474847	-5.38667
1.820425223	0.400855603	-0.556463556	-0.62993738	-5.76636
1.582515637	-0.136102946	-0.866632077	-0.90043189	-5.97527
0.441907128	3.201903255	-1.551430526	-0.29936642	-6.46069
-0.297303954	0.903896415	-0.484098929	-1.60414855	-8.30996
0.157640003	-3.085816919	-0.061857404	-1.55632257	-8.92615
-0.22697919	1.007487909	2.449741335	-0.11669076	-9.18106
-1.182131759	1.589226283	1.922587963	0.04617005	-8.76886
-1.188999779	-0.986507451	1.570559097	1.35108385	-9.50455
-0.103553047	-1.564877109	-1.423194667	1.5481053	-9.84603
-1.619221449	0.814906013	-0.375762466	1.142784	-9.93473
