CO2	
366.39	
366.40	
367.42	
367.70	
367.52	
367.90	
369.10	
369.48	
369.43	
369.97	
371.38	
371.76	
371.69	
372.44	
373.68	
373.78	
373.67	
374.32	
375.45	
375.63	
375.39	
376.21	
377.57	
377.85	
377.94	
378.21	
379.17	
379.40	
379.37	
380.01	
381.25	
381.62	
381.70	
382.17	
383.31	
383.59	
383.70	
383.61	
384.67	
385.05	
384.75	
385.32	
386.99	
387.25	
386.95	
387.33	
388.52	
388.95	
388.67	
389.19	
390.82	
391.21	
391.41	
392.35	
393.64	
393.91	
393.71	
394.28	
395.54	
395.80	
395.91	
396.74	
398.05	
398.52	
398.97	
400.10	
401.41	
401.40	
401.19	
401.77	
403.13	
403.66	
403.82	
404.41	
405.56	
405.83	
405.73	
406.71	
408.25	
